0.6572615429759026 0.6229166388511658
0.6242082491517067 0.6770833134651184
0.6696247160434723 0.6812499761581421
0.5724084675312042 0.6983333230018616
0.5913410931825638 0.6924999952316284
0.5703923255205154 0.6995833516120911
0.5788824334740639 0.7124999761581421
0.5198317430913448 0.7416666746139526
0.528811376541853 0.722083330154419
0.5403147116303444 0.7266666889190674
0.46687982231378555 0.76541668176651
0.5092449449002743 0.7283333539962769
0.4568623714148998 0.7749999761581421
0.47444914281368256 0.7641666531562805
0.4280400238931179 0.7987499833106995
0.4596799798309803 0.784166693687439
0.41036319360136986 0.8087499737739563
0.41904355585575104 0.8062499761581421
0.3972391411662102 0.8270833492279053
0.39048095792531967 0.8208333253860474
0.42601681500673294 0.800000011920929
0.3722001984715462 0.8358333110809326
0.3746308460831642 0.8358333110809326
0.3731883428990841 0.8354166746139526
0.39043695107102394 0.8187500238418579
0.3616752438247204 0.8358333110809326
0.37608689814805984 0.8287500143051147
0.3670521229505539 0.8333333134651184
0.3337518125772476 0.8537499904632568
0.3611599951982498 0.8358333110809326
0.35262373834848404 0.8441666960716248
0.3368859365582466 0.8491666913032532
0.34040937200188637 0.8520833253860474
0.3317699506878853 0.8537499904632568
0.3357630632817745 0.8537499904632568
0.3482610173523426 0.84375
0.3213542811572552 0.8566666841506958
0.3469638116657734 0.8429166674613953
0.33765093982219696 0.8487499952316284
0.35159648582339287 0.8395833373069763
0.3516797088086605 0.8354166746139526
0.33117514476180077 0.8575000166893005
0.3321845084428787 0.8475000262260437
0.33695560321211815 0.846666693687439
0.32492006942629814 0.8545833230018616
0.3319576866924763 0.8475000262260437
0.33632073551416397 0.8504166603088379
0.3385690040886402 0.8450000286102295
0.3188849426805973 0.8566666841506958
0.3368759788572788 0.8454166650772095
0.34802207350730896 0.8420833349227905
0.3362329639494419 0.8454166650772095
0.3572978749871254 0.8304166793823242
0.321320079267025 0.8545833230018616
0.3190773092210293 0.856249988079071
0.3339242525398731 0.8500000238418579
0.34258241578936577 0.8362500071525574
0.31315984949469566 0.8550000190734863
0.32952841743826866 0.8433333039283752
0.328162282705307 0.8483333587646484
0.31842266023159027 0.8541666865348816
0.3149752840399742 0.8533333539962769
0.32327084988355637 0.8483333587646484
0.3217157833278179 0.8533333539962769
0.3361072614789009 0.840833306312561
0.29712558537721634 0.8704166412353516
0.32780664414167404 0.8483333587646484
0.32996098697185516 0.8512499928474426
0.3220382407307625 0.8537499904632568
0.3298970200121403 0.8475000262260437
0.3402271866798401 0.8462499976158142
0.326703280210495 0.8479166626930237
0.3435409851372242 0.8387500047683716
0.3244246430695057 0.8537499904632568
0.3003486432135105 0.8633333444595337
0.3264240175485611 0.8508333563804626
0.3027741573750973 0.8658333420753479
0.3336266689002514 0.847083330154419
0.3144099712371826 0.8579166531562805
0.31120502576231956 0.8550000190734863
0.2975923977792263 0.8687499761581421
0.30706819146871567 0.8620833158493042
0.3077494241297245 0.8658333420753479
0.3137089014053345 0.8579166531562805
0.31777993589639664 0.8495833277702332
0.3248727209866047 0.8525000214576721
0.31706503033638 0.8570833206176758
0.3103536553680897 0.85916668176651
0.3168422244489193 0.8525000214576721
0.30515457689762115 0.8650000095367432
0.3132268376648426 0.8541666865348816
0.3216409981250763 0.8520833253860474
0.293893551453948 0.8687499761581421
0.3135887663811445 0.85958331823349
0.3230487257242203 0.862500011920929
0.3277007266879082 0.8537499904632568
0.3289539963006973 0.8500000238418579
0.32245445251464844 0.8650000095367432
0.32133447751402855 0.8508333563804626
0.3024527579545975 0.8695833086967468
0.33043500408530235 0.8420833349227905
0.31481311842799187 0.85958331823349
0.322535689920187 0.8454166650772095
0.3034955598413944 0.8700000047683716
0.3242083936929703 0.8541666865348816
0.3013628516346216 0.8629166483879089
0.3077971637248993 0.8662499785423279
0.30133213102817535 0.871666669845581
0.31589309871196747 0.8604166507720947
0.3277696743607521 0.846666693687439
0.3303513377904892 0.8554166555404663
0.30472052097320557 0.8658333420753479
0.3279552347958088 0.8475000262260437
0.3095949701964855 0.8737499713897705
0.32449840754270554 0.8537499904632568
0.31421420350670815 0.8675000071525574
0.3111583422869444 0.8600000143051147
0.3060094118118286 0.8637499809265137
0.309369221329689 0.8654166460037231
0.33279092982411385 0.8433333039283752
0.3225425183773041 0.8545833230018616
0.3149746283888817 0.8579166531562805
0.3043428733944893 0.8658333420753479
0.3195074498653412 0.8608333468437195
0.3076880872249603 0.8641666769981384
0.319064911454916 0.856249988079071
0.30163081176579 0.8675000071525574
0.31828365102410316 0.8675000071525574
0.3104330897331238 0.8650000095367432
0.31090711057186127 0.8587499856948853
0.3243411295115948 0.8545833230018616
0.30404188111424446 0.8658333420753479
0.3394687846302986 0.8529166579246521
0.3544645570218563 0.8483333587646484
0.31731152161955833 0.8641666769981384
0.34661224856972694 0.8479166626930237
0.2881619967520237 0.8787500262260437
0.3122229352593422 0.8608333468437195
0.31891367211937904 0.8633333444595337
0.3188589811325073 0.8633333444595337
0.3030017055571079 0.871666669845581
0.3218640200793743 0.856249988079071
0.3216950036585331 0.8641666769981384
0.32070794701576233 0.8662499785423279
0.3376890681684017 0.8608333468437195
0.3221230022609234 0.8558333516120911
0.3679233342409134 0.8462499976158142
0.33707575872540474 0.8566666841506958
0.34870242327451706 0.8487499952316284
0.31805890798568726 0.8662499785423279
0.35545584559440613 0.8458333611488342
0.330305777490139 0.8612499833106995
0.3295302577316761 0.8687499761581421
0.33042141795158386 0.8641666769981384
0.34034428745508194 0.8650000095367432
0.31572911888360977 0.8654166460037231
0.3521118089556694 0.8458333611488342
0.3366757892072201 0.8554166555404663
0.3265393078327179 0.8666666746139526
0.34602871537208557 0.8579166531562805
0.3422760032117367 0.8575000166893005
0.33467602357268333 0.8587499856948853
0.3348926492035389 0.8616666793823242
0.33718840032815933 0.8679166436195374
0.3420943655073643 0.8550000190734863
0.31388774514198303 0.872083306312561
0.3220742419362068 0.85958331823349
0.3332729861140251 0.8637499809265137
0.3261128403246403 0.8654166460037231
0.3322964385151863 0.8612499833106995
0.32566753774881363 0.8679166436195374
0.34951985254883766 0.8525000214576721
0.34505435079336166 0.8608333468437195
0.33785782381892204 0.8541666865348816
0.327695881947875 0.8708333373069763
0.3114457502961159 0.875
0.3423655480146408 0.856249988079071
0.33663042448461056 0.8604166507720947
0.3423399478197098 0.8645833134651184
0.3340686336159706 0.8691666722297668
0.3298962675035 0.8616666793823242
0.3256109319627285 0.8666666746139526
0.35873478651046753 0.8558333516120911
0.3563862815499306 0.85958331823349
0.32673994451761246 0.8700000047683716
0.31930520199239254 0.8704166412353516
0.3569673225283623 0.8541666865348816
0.32546286657452583 0.8666666746139526
0.3588665537536144 0.8550000190734863
0.3533019945025444 0.856249988079071
0.346725981682539 0.8545833230018616
0.3369385600090027 0.85916668176651
0.3503168635070324 0.8558333516120911
0.33968254178762436 0.8670833110809326
0.3394410442560911 0.856249988079071
0.32611875981092453 0.8691666722297668
0.33852507174015045 0.8675000071525574
0.3370281979441643 0.8675000071525574
0.34051455557346344 0.8620833158493042
0.3549155928194523 0.8575000166893005
0.3600428029894829 0.8637499809265137
0.3799349181354046 0.856249988079071
0.3485518544912338 0.862500011920929
0.3627202957868576 0.85958331823349
0.35183457285165787 0.8658333420753479
0.3646620847284794 0.8629166483879089
0.36274829879403114 0.8550000190734863
0.40047556534409523 0.8429166674613953
0.39044931530952454 0.8525000214576721
0.35403231158852577 0.8604166507720947
0.34906384348869324 0.8679166436195374
0.3646782711148262 0.8529166579246521
0.38108617439866066 0.8604166507720947
0.3454755023121834 0.862500011920929
0.38641107454895973 0.8545833230018616
0.37353285774588585 0.8554166555404663
0.3840762637555599 0.8554166555404663
0.38109878823161125 0.8512499928474426
0.3566926196217537 0.8608333468437195
0.32626480236649513 0.8754166960716248
0.36143726482987404 0.856249988079071
0.3571060970425606 0.8637499809265137
0.36395851895213127 0.862500011920929
0.36960410699248314 0.8604166507720947
0.3779962286353111 0.8583333492279053
0.388764102011919 0.8550000190734863
0.3471222873777151 0.8675000071525574
0.3798333704471588 0.8533333539962769
0.37258390709757805 0.8587499856948853
0.37862562015652657 0.8612499833106995
0.380783598870039 0.8512499928474426
0.3690500445663929 0.8566666841506958
0.35398726165294647 0.8612499833106995
0.36359355971217155 0.862500011920929
0.36988218128681183 0.8654166460037231
0.3665849231183529 0.8616666793823242
0.37315670400857925 0.8679166436195374
0.38109876960515976 0.8545833230018616
0.3586711771786213 0.8645833134651184
0.3545182887464762 0.8654166460037231
0.366793230175972 0.8583333492279053
0.3576360009610653 0.862500011920929
0.4203536957502365 0.8500000238418579
0.38564323633909225 0.8554166555404663
0.40629325434565544 0.8516666889190674
0.3851083479821682 0.8587499856948853
0.38598746433854103 0.8566666841506958
0.3677404932677746 0.8575000166893005
0.38758522272109985 0.8575000166893005
0.3729481026530266 0.8612499833106995
0.38219738379120827 0.8620833158493042
0.392855241894722 0.8600000143051147
0.4090539589524269 0.8525000214576721
0.384450938552618 0.8525000214576721
0.3892940878868103 0.8587499856948853
0.39205673709511757 0.8612499833106995
0.398150946944952 0.8575000166893005
0.39620251953601837 0.862500011920929
0.38007496669888496 0.8600000143051147
0.3948695547878742 0.8600000143051147
0.4076797217130661 0.8608333468437195
0.3756515644490719 0.8612499833106995
0.40162376686930656 0.856249988079071
0.3921228237450123 0.8620833158493042
0.3986455164849758 0.8604166507720947
0.41999631375074387 0.8545833230018616
0.40059883892536163 0.8550000190734863
0.4022548571228981 0.8579166531562805
0.39353055506944656 0.8570833206176758
0.4196201153099537 0.8545833230018616
0.40683506056666374 0.8641666769981384
0.41196321696043015 0.8558333516120911
0.4125281944870949 0.856249988079071
0.4202648252248764 0.8550000190734863
0.4099426958709955 0.8629166483879089
0.3965722881257534 0.8541666865348816
0.3972734212875366 0.8633333444595337
0.39965324848890305 0.85958331823349
0.4184509851038456 0.862500011920929
0.43380892649292946 0.8566666841506958
0.42536771297454834 0.8525000214576721
0.4249107055366039 0.8587499856948853
0.4170556403696537 0.8587499856948853
0.40420248359441757 0.862500011920929
0.408146183937788 0.8583333492279053
0.41457994654774666 0.8545833230018616
0.4188200943171978 0.8608333468437195
0.40330198779702187 0.8608333468437195
0.4383578561246395 0.8570833206176758
0.41361987963318825 0.8575000166893005
0.44112979993224144 0.8579166531562805
0.4274541698396206 0.862500011920929
0.4158078692853451 0.8554166555404663
0.4238383546471596 0.8604166507720947
0.4356796480715275 0.862500011920929
0.4416821822524071 0.8604166507720947
0.42944080755114555 0.8650000095367432
0.44434259831905365 0.8575000166893005
0.43408480659127235 0.8570833206176758
0.42922697216272354 0.8600000143051147
0.40905972942709923 0.8654166460037231
0.4451845958828926 0.8533333539962769
0.43473881855607033 0.856249988079071
0.44357581809163094 0.8541666865348816
0.43806618452072144 0.8616666793823242
0.4398563988506794 0.8537499904632568
0.4232887737452984 0.8575000166893005
0.43852077051997185 0.8616666793823242
0.4352821372449398 0.8545833230018616
0.4721342921257019 0.8575000166893005
0.4525279067456722 0.8604166507720947
0.44347941130399704 0.85958331823349
0.45338455587625504 0.8583333492279053
0.45473049581050873 0.8554166555404663
0.47068340703845024 0.8533333539962769
0.4438522532582283 0.8575000166893005
0.4620937444269657 0.8579166531562805
0.4581550359725952 0.8541666865348816
0.4598391689360142 0.8570833206176758
0.4358370676636696 0.8566666841506958
0.4490833580493927 0.856249988079071
0.4302016869187355 0.8616666793823242
0.4316919781267643 0.8616666793823242
0.44578466191887856 0.8612499833106995
0.45783115178346634 0.8545833230018616
0.4481688290834427 0.8604166507720947
0.4494028836488724 0.85916668176651
0.46333396062254906 0.8587499856948853
0.4961303323507309 0.8520833253860474
0.48255089297890663 0.8520833253860474
0.46732454374432564 0.8566666841506958
0.4495839476585388 0.8570833206176758
0.44685259461402893 0.8583333492279053
0.4572746120393276 0.8529166579246521
0.43164315447211266 0.862500011920929
0.4585013911128044 0.8495833277702332
0.45308613032102585 0.8525000214576721
0.4689725637435913 0.8558333516120911
0.4440498687326908 0.8525000214576721
0.4972655214369297 0.8533333539962769
0.4564705416560173 0.856249988079071
0.4598037265241146 0.8616666793823242
0.48296283930540085 0.8533333539962769
0.44890331104397774 0.8616666793823242
0.46969062462449074 0.8533333539962769
0.46393807232379913 0.8579166531562805
0.47288835421204567 0.8495833277702332
0.47459451481699944 0.8500000238418579
0.4662497788667679 0.8529166579246521
0.4728826805949211 0.8458333611488342
0.43555155023932457 0.8533333539962769
0.47278161346912384 0.8550000190734863
0.4855906404554844 0.8525000214576721
0.4588647224009037 0.8583333492279053
0.46475573256611824 0.8583333492279053
0.4565947353839874 0.8550000190734863
0.48610883951187134 0.8533333539962769
0.4777529835700989 0.8583333492279053
0.5156401172280312 0.8541666865348816
0.47595491632819176 0.8604166507720947
0.498313520103693 0.8583333492279053
0.4539957791566849 0.8662499785423279
0.5020024701952934 0.85958331823349
0.48349107801914215 0.8529166579246521
0.4888657070696354 0.8529166579246521
0.47474516555666924 0.8529166579246521
0.4977383613586426 0.8495833277702332
0.5184572599828243 0.8529166579246521
0.5218309387564659 0.8458333611488342
0.4803650826215744 0.8566666841506958
0.4776194132864475 0.8566666841506958
0.5026140436530113 0.8550000190734863
0.5070141330361366 0.8550000190734863
0.48394716158509254 0.8558333516120911
0.5070441588759422 0.8541666865348816
0.4943428076803684 0.8583333492279053
0.49385959282517433 0.8537499904632568
0.47506874427199364 0.85916668176651
0.4863593317568302 0.856249988079071
0.4877302050590515 0.8537499904632568
0.4656897857785225 0.8679166436195374
0.518026664853096 0.8545833230018616
0.4808891676366329 0.8620833158493042
0.5238627754151821 0.8550000190734863
0.4749966114759445 0.8616666793823242
0.5249601565301418 0.8541666865348816
0.49846838787198067 0.8587499856948853
0.5002822056412697 0.8604166507720947
0.5008791498839855 0.85916668176651
0.5158173702657223 0.8587499856948853
0.5306398123502731 0.8545833230018616
0.4998384155333042 0.8600000143051147
0.5103095173835754 0.8583333492279053
0.5473509579896927 0.8537499904632568
0.5074726045131683 0.856249988079071
0.4906149208545685 0.8616666793823242
0.5129434540867805 0.8550000190734863
0.500435546040535 0.8575000166893005
0.4872935339808464 0.8525000214576721
0.5286300666630268 0.8533333539962769
0.49216528609395027 0.8537499904632568
0.5309774689376354 0.8500000238418579
0.5470401011407375 0.8508333563804626
0.4906528927385807 0.8575000166893005
0.5308574959635735 0.856249988079071
0.5194466896355152 0.8583333492279053
0.5232703275978565 0.8545833230018616
0.5606799833476543 0.8554166555404663
0.5502241067588329 0.8504166603088379
0.5241025350987911 0.8558333516120911
0.5506998337805271 0.8516666889190674
0.5277083814144135 0.8558333516120911
0.5355719961225986 0.8541666865348816
0.5392246060073376 0.8533333539962769
0.5240256376564503 0.8566666841506958
0.5394416190683842 0.8537499904632568
0.5284291580319405 0.8575000166893005
0.5477157905697823 0.8491666913032532
0.542429693043232 0.846666693687439
0.5320964716374874 0.8529166579246521
0.5124564506113529 0.8570833206176758
0.5199201591312885 0.8525000214576721
0.5376976579427719 0.8570833206176758
0.5486514717340469 0.856249988079071
0.5611176937818527 0.8545833230018616
0.5115409679710865 0.8620833158493042
0.5357751250267029 0.856249988079071
0.5970578417181969 0.8500000238418579
0.5528433285653591 0.856249988079071
0.5625459402799606 0.8550000190734863
0.5640145353972912 0.8508333563804626
0.5628516525030136 0.85916668176651
0.5155801400542259 0.8566666841506958
0.5837155058979988 0.8550000190734863
0.5694648697972298 0.8570833206176758
0.5777986720204353 0.8504166603088379
0.5641366988420486 0.8537499904632568
0.5561953037977219 0.8554166555404663
0.5455471947789192 0.8566666841506958
0.5272523239254951 0.8587499856948853
0.5709730461239815 0.8512499928474426
0.5535197332501411 0.8600000143051147
0.5644996799528599 0.8566666841506958
0.5755925588309765 0.8620833158493042
0.5506512708961964 0.8620833158493042
0.5593559928238392 0.8533333539962769
0.5520330369472504 0.8533333539962769
0.563506405800581 0.8533333539962769
0.565828338265419 0.8558333516120911
0.5828786417841911 0.8575000166893005
0.5588838569819927 0.8558333516120911
0.5349273011088371 0.8654166460037231
0.5830759815871716 0.8508333563804626
0.5380118936300278 0.8579166531562805
