[0.7602023076704536] [0.5423673]
[0.6841753034398299] [0.57138145]
[0.715105296360397] [0.5393999]
[0.6438814192332335] [0.6238048]
[0.6519121898505855] [0.6482031]
[0.5634105596120232] [0.7108473]
[0.6634881544773468] [0.664029]
[0.5420081128175606] [0.7243653]
[0.5416239003045623] [0.7240356]
[0.6526814265255876] [0.68513024]
[0.49444870487165027] [0.75799537]
[0.559590176941733] [0.73722386]
[0.46897698545314437] [0.7698648]
[0.4628423981213782] [0.78074515]
[0.41442030668258667] [0.80545455]
[0.5116534832087516] [0.75469834]
[0.43589914997654544] [0.7942631]
[0.4112525943125037] [0.8147049]
[0.432442405133054] [0.80151665]
[0.40798933363338136] [0.80283546]
[0.39926715968978155] [0.8193208]
[0.40767756646329706] [0.81545454]
[0.40865107029529046] [0.80712163]
[0.3993467676179699] [0.81173754]
[0.43010132045703403] [0.798879]
[0.3728397792218111] [0.8311902]
[0.3544763348753445] [0.8387735]
[0.37336192554937037] [0.8328388]
[0.33890931890461257] [0.8529509]
[0.34800313007819783] [0.846027]
[0.3872297017970496] [0.82558525]
[0.3555632185570446] [0.8397626]
[0.32992334240857735] [0.84767556]
[0.3308278815682635] [0.8542697]
[0.3282681107815838] [0.85657763]
[0.357648963950626] [0.84371907]
[0.3151836632709475] [0.86844707]
[0.3260246048341519] [0.85163206]
[0.342289702415938] [0.85394]
[0.3288579174307286] [0.8486647]
[0.3588168040934939] [0.83020115]
[0.31814897166515316] [0.8681174]
[0.33002774837462767] [0.8493241]
[0.31449787172790095] [0.8598747]
[0.3372453444966223] [0.8542697]
[0.3056325737375888] [0.8694362]
[0.34634854658539055] [0.84174085]
[0.30407741182399906] [0.8783383]
[0.30112585917660556] [0.8691065]
[0.2990249029547713] [0.87734914]
[0.3004112490973298] [0.8654797]
[0.2966504617272687] [0.8747115]
[0.3020493499013484] [0.8687768]
[0.29576818484345013] [0.87240356]
[0.30059324809222027] [0.8667985]
[0.28208282752041763] [0.8809759]
[0.3516794373709653] [0.8513023]
[0.28341587092709] [0.87570065]
[0.2890687392680039] [0.8733927]
[0.2812826709211993] [0.87668973]
[0.2821874282185567] [0.87800854]
[0.27990854532263515] [0.8796571]
[0.293967337565889] [0.86317176]
[0.26836049795504496] [0.884273]
[0.28734111390882616] [0.8789977]
[0.28430433942762257] [0.8776789]
[0.2753977128530233] [0.88526213]
[0.26761824600066914] [0.8915265]
[0.28608064848697506] [0.87701946]
[0.30165163502023434] [0.86844707]
[0.26861233757228453] [0.8948236]
[0.27295936863688874] [0.8803165]
[0.2651977918150399] [0.88658094]
[0.26173284310114253] [0.88789976]
[0.25565211533851606] [0.89581275]
[0.26303224620786075] [0.88592154]
[0.26802526380494607] [0.8862512]
[0.2801311911184168] [0.8793274]
[0.26163282781161373] [0.8888889]
[0.26734559106779615] [0.88724035]
[0.2563754371731265] [0.895483]
[0.259223165825142] [0.8846027]
[0.2753174291107468] [0.8836136]
[0.25184471169753786] [0.8961424]
[0.2540974836321188] [0.89713156]
[0.2521344172656831] [0.89746124]
[0.2482955287165505] [0.8984504]
[0.2512293555557315] [0.8981207]
[0.24064332924105905] [0.9066667]
[0.24043723268749453] [0.90174747]
[0.2475886225965681] [0.8987801]
[0.2449013853609621] [0.9030663]
[0.24514127595665194] [0.9000989]
[0.24865995909793912] [0.89746124]
[0.24155024846630682] [0.89746124]
[0.23841197039972545] [0.895483]
[0.23802168870715076] [0.9030663]
[0.23204521134746298] [0.9050445]
[0.23898622258009] [0.8994395]
[0.2481823878843636] [0.8938345]
[0.23057822210292317] [0.90339595]
[0.23575688085772775] [0.8993939]
[0.2311718884549674] [0.9057039]
[0.23275430690640866] [0.9043851]
[0.22346308593049602] [0.91064954]
[0.240729798607963] [0.8994395]
[0.23136929971645895] [0.90735245]
[0.23105094212629676] [0.9096604]
[0.2289211164743563] [0.9109792]
[0.221407669440693] [0.90999013]
[0.23165593699401965] [0.90174747]
[0.2310627567720932] [0.9040554]
[0.23110683437742655] [0.8997692]
[0.21573468830535958] [0.9129575]
[0.22327053207907785] [0.90669304]
[0.21760786517083822] [0.9122981]
[0.2232542989515763] [0.9070228]
[0.22301039145384297] [0.90735245]
[0.22440227707728197] [0.9053742]
[0.21188841481590837] [0.914606]
[0.22109290594870684] [0.9070228]
[0.22612919471973716] [0.9047148]
[0.20926862738429616] [0.91196835]
[0.21677814724714184] [0.91328716]
[0.21611947550794844] [0.9109792]
[0.2123466888415] [0.9169139]
[0.21392948954973212] [0.91130894]
[0.21653390632303013] [0.9136169]
[0.20552065020257776] [0.919697]
[0.20618726243103766] [0.9155951]
[0.1990478095827895] [0.9251566]
[0.2069367862184017] [0.9155951]
[0.20287908581255923] [0.9162545]
[0.20040406127534918] [0.9142763]
[0.20923668520504832] [0.91262776]
[0.20328123920572264] [0.9129575]
[0.2180271704195751] [0.9116386]
[0.19935477026079576] [0.9185625]
[0.19806225868788632] [0.91636366]
[0.19825679043162353] [0.91592485]
[0.19561332252713032] [0.9205407]
[0.19540062027916122] [0.92251897]
[0.18876505511215014] [0.9185625]
[0.20092512953116326] [0.9185625]
[0.20151669305816483] [0.9188922]
[0.1938399778629269] [0.9182328]
[0.20127081742803138] [0.92120016]
[0.19387282566590744] [0.9206061]
[0.19081799392648313] [0.9208704]
[0.1933860010168083] [0.9238378]
[0.18445412342968137] [0.92746454]
[0.1971768713993795] [0.91790307]
[0.2001320385437691] [0.91757333]
[0.1835831645452422] [0.92680514]
[0.1872085135072676] [0.9195516]
[0.18668503788384525] [0.9248485]
[0.18510375458573966] [0.92878336]
[0.19002408912344573] [0.92251897]
[0.1777550844893847] [0.92878336]
[0.18017906936587494] [0.9231784]
[0.18663225873464648] [0.9238378]
[0.18526229440694275] [0.92185956]
[0.19482805027924] [0.9208704]
[0.18453289114462043] [0.9231784]
[0.1757602661287985] [0.9301022]
[0.18945263217099226] [0.92185956]
[0.19105565095454838] [0.9248269]
[0.20098397368611262] [0.9142763]
[0.18116439762502232] [0.9254863]
[0.18145289931641606] [0.9244972]
[0.17455734022175404] [0.92647547]
[0.19218778769411035] [0.9271349]
[0.16749831356785513] [0.93]
[0.174086697053249] [0.9310913]
[0.17184005318067666] [0.93076164]
[0.18292185540369074] [0.91757333]
[0.17232793852554232] [0.92812395]
[0.1739549275144979] [0.9277943]
[0.1693632385880492] [0.9324102]
[0.177729653852276] [0.9301022]
[0.1751960011311502] [0.9301022]
[0.17023607823190773] [0.93208045]
[0.1746480942258849] [0.9310913]
[0.18072071593369032] [0.9271349]
[0.16941039759433588] [0.93273985]
[0.176137137837509] [0.92878336]
[0.17360797188402283] [0.9301022]
[0.17144361150135037] [0.93076164]
[0.17160988863627588] [0.93273985]
[0.1715551717271319] [0.93208045]
[0.16624128948215444] [0.92878336]
[0.17179638652902918] [0.9310913]
[0.1710658153974102] [0.92812395]
[0.17669409759615343] [0.92614573]
[0.17904052906969062] [0.92120016]
[0.15225210628158142] [0.939334]
[0.16579573104778925] [0.93208045]
[0.16628370309500973] [0.93208045]
[0.16183680841288392] [0.93603694]
[0.16457788510756058] [0.9351515]
[0.1626463939687265] [0.9294428]
[0.16236001040885994] [0.9310913]
[0.16890415142882953] [0.9290909]
[0.1599326527112787] [0.9291131]
[0.15632447280527695] [0.94131225]
[0.16403843009978916] [0.93339926]
[0.170038110070837] [0.92878336]
[0.17430130777738687] [0.9304319]
[0.1437157053209318] [0.9409825]
[0.15746857318013877] [0.9376855]
[0.1634751097709088] [0.93076164]
[0.1556659197152899] [0.93537754]
[0.1459626461555177] [0.9363666]
[0.1506821648641066] [0.93242425]
[0.14862689499685247] [0.9383449]
[0.16199243272093708] [0.9343884]
[0.15220023107988545] [0.9363666]
[0.13875494854622378] [0.939334]
[0.14522963959786353] [0.94263107]
[0.1647994276559907] [0.93339926]
[0.14629822361820058] [0.93867457]
[0.15206826941785426] [0.937026]
[0.1519248418649981] [0.9383449]
[0.14596179854327446] [0.9409825]
[0.1445456493561157] [0.9432905]
[0.141131955706519] [0.94131225]
[0.15639326101653536] [0.93273985]
[0.14681540311679878] [0.9399934]
[0.1387625078124415] [0.9446093]
[0.1470865937858142] [0.9399934]
[0.14554589686124897] [0.9432905]
[0.13979012369519997] [0.9403231]
[0.14268696654503235] [0.94691724]
[0.1426540824532155] [0.9436202]
[0.1377078123781259] [0.9439499]
[0.1411151750387235] [0.94658756]
[0.1415642865156915] [0.9409825]
[0.14274052890896444] [0.944939]
[0.14225733530745427] [0.9383449]
[0.13764437649889114] [0.9459281]
[0.15777398004729953] [0.93537754]
[0.1277762014757503] [0.94848484]
[0.1414471218393771] [0.9436202]
[0.14168117125357413] [0.9403231]
[0.14059257748307388] [0.9416419]
[0.14509080998916418] [0.9396637]
[0.12959532577887134] [0.9518629]
[0.13855275701138198] [0.944939]
[0.13309111986327712] [0.94823605]
[0.13538408025907597] [0.94691724]
[0.13549471246382602] [0.9455984]
[0.13422386403518896] [0.94724697]
[0.12752955291939772] [0.950544]
[0.13293262579202889] [0.94724697]
[0.13302587191588094] [0.9452687]
[0.12600579900569425] [0.9479064]
[0.1306054348295385] [0.94545454]
[0.1331865049375389] [0.9459281]
[0.13053638770306736] [0.9479064]
[0.12658201398292943] [0.94724697]
[0.12871482024111155] [0.9462578]
[0.13384724167404968] [0.94823605]
[0.12613727046226536] [0.9452687]
[0.11629711434937844] [0.9498846]
[0.12420545443229222] [0.9452687]
[0.12872900610620325] [0.9460606]
[0.13206234669384687] [0.94757664]
[0.1317541158797715] [0.9479064]
[0.13712859684352705] [0.94296074]
[0.12744512928522658] [0.94691724]
[0.12176152465369416] [0.9498846]
[0.12119238318656189] [0.9498846]
[0.1333160298543915] [0.9452687]
[0.12796051163524833] [0.94757664]
[0.12739320154625158] [0.9459281]
[0.12796684732599853] [0.9498846]
[0.12430815305837184] [0.9492252]
[0.12232556896381869] [0.95285195]
[0.11816081996458103] [0.9512034]
[0.1250964758657914] [0.9485658]
[0.11801961056969168] [0.9538411]
[0.12153569067066367] [0.9521212]
[0.12193390234022537] [0.9459281]
[0.13480551272601213] [0.9452687]
[0.13034837549270437] [0.9446093]
[0.11713611334562302] [0.9521212]
[0.11641723524067923] [0.9512034]
[0.11400847791387349] [0.95285195]
[0.11611215043241853] [0.9531817]
[0.11078689784607477] [0.95614904]
[0.11719603149697523] [0.95153314]
[0.11634943774292424] [0.9525223]
[0.11474016625673669] [0.95153314]
[0.11868904856734648] [0.9518629]
[0.12035091561804186] [0.950544]
[0.10780771817315579] [0.958457]
[0.12363509566299286] [0.9485658]
[0.10827070135961879] [0.95666665]
[0.11336254599419507] [0.9572727]
[0.12059412363817147] [0.9502143]
[0.11657207100315924] [0.9548302]
[0.11459987712277857] [0.9558193]
[0.11036074916904923] [0.9558193]
[0.11297426977803753] [0.95285195]
[0.1172000263125795] [0.95417076]
[0.11159160705218801] [0.9531817]
[0.11777171306864798] [0.95417076]
[0.11081822487708959] [0.9531817]
[0.11530238395864485] [0.95417076]
[0.10699815913283153] [0.9591164]
[0.1114318274831147] [0.9558193]
[0.11757391038268775] [0.95219254]
[0.1087393863706985] [0.9538411]
[0.11586679701723755] [0.95153314]
[0.11167472921510832] [0.95548964]
[0.1086333711087173] [0.95548964]
[0.10451959817864656] [0.95614904]
[0.10786980322816155] [0.9569697]
[0.11458970433880385] [0.9485658]
[0.11372330847438554] [0.9564787]
[0.10693948474942046] [0.95548964]
[0.11406824206445149] [0.9518629]
[0.1035170157455667] [0.9571381]
[0.10700701786713167] [0.9590909]
[0.10854201357473027] [0.9563636]
[0.10307222993125076] [0.95746785]
[0.10299325887662839] [0.9577976]
[0.09864643331097567] [0.9577976]
[0.10364895288184889] [0.9601055]
[0.09574365909888412] [0.9597758]
[0.10555562397057944] [0.958457]
[0.10213287520331987] [0.958457]
[0.10771817172316486] [0.95285195]
[0.10635510692418977] [0.95746785]
[0.1112546988508918] [0.95363635]
[0.10732410644742077] [0.9564787]
[0.10499014265157959] [0.9581818]
[0.09875822701039111] [0.96076494]
[0.108974059481767] [0.96076494]
[0.0910101300501564] [0.961754]
[0.1126890859820626] [0.950303]
[0.10208368078832221] [0.9610946]
[0.09949169036012022] [0.9601055]
[0.09000840197611161] [0.961754]
[0.09196879625556259] [0.96307284]
[0.10805291411551562] [0.9569697]
[0.0958355927561676] [0.9610946]
[0.10092125408550398] [0.96142435]
[0.09340200397811468] [0.96208376]
[0.09879604480151018] [0.9571381]
[0.0917104671264305] [0.96142435]
[0.09120080271472328] [0.96274316]
[0.09703915647178535] [0.9610946]
[0.09935948930003426] [0.95666665]
[0.09702105404538287] [0.96208376]
[0.09440591393368417] [0.9653808]
[0.09010706949079986] [0.9657105]
[0.09352493163798849] [0.9637323]
[0.09385253286540036] [0.96208376]
[0.1059102301405693] [0.9564787]
[0.09169745533685655] [0.96307284]
[0.08843928957256672] [0.9647214]
[0.09674642151028183] [0.95746785]
[0.09318637075943598] [0.961754]
[0.09171231840502261] [0.96142435]
[0.0884216398398671] [0.9650511]
[0.09185995118053211] [0.96340257]
[0.09280584718659889] [0.96340257]
[0.09510578074917182] [0.961754]
[0.09532172961711412] [0.9610946]
[0.09338087056469611] [0.96604025]
[0.09493925693360242] [0.9612121]
[0.08647897486546391] [0.9657105]
[0.08657240529353966] [0.9647214]
[0.09153149916645799] [0.9653808]
[0.08622265320812914] [0.96702933]
[0.10173537983060708] [0.96076494]
[0.09752584810338318] [0.96076494]
[0.09198930114507675] [0.960303]
[0.09037404882875441] [0.96340257]
[0.08739390210216288] [0.9650511]
[0.08762251131759789] [0.964062]
[0.09220007050535563] [0.96307284]
[0.07728124052492495] [0.9713155]
[0.09135423725955447] [0.96142435]
[0.08891122782295229] [0.9643917]
[0.08347242088982897] [0.96735907]
[0.08979712954688261] [0.96208376]
[0.08193508399287505] [0.96735907]
[0.08641923851638472] [0.96702933]
[0.08643694175913945] [0.964062]
[0.08222093533367125] [0.96702933]
[0.08485368401195365] [0.964062]
[0.08177415139302538] [0.9686779]
[0.08410138539549859] [0.9653808]
[0.0877828947042735] [0.964062]
[0.08862737667831508] [0.9663636]
[0.0834461889468303] [0.9703264]
[0.08013250874806818] [0.96768874]
[0.07149944674043109] [0.9726344]
[0.08931316104445802] [0.9657105]
[0.07727539864424929] [0.9680185]
[0.08034643806465537] [0.96735907]
[0.0801889608834311] [0.96702933]
[0.08256025172092697] [0.9663636]
[0.08021657846860669] [0.97164524]
[0.0775187051938856] [0.96834815]
[0.0777050037338637] [0.96735907]
[0.06805529340762649] [0.97560173]
[0.07905806322479814] [0.97197497]
[0.0742705569348552] [0.97]
[0.07820822415702067] [0.97230464]
[0.07891066311227579] [0.9657105]
[0.07919902046433071] [0.9690076]
[0.07669409588495182] [0.9713155]
[0.07561278305616152] [0.9703264]
[0.08223969993410903] [0.96604025]
[0.08082054294903719] [0.96834815]
[0.08876085857098753] [0.9633333]
[0.07395898433573522] [0.9693373]
[0.08153306527761513] [0.9663699]
[0.08425924749390898] [0.9650511]
[0.07426315378010803] [0.97164524]
[0.07206463870895487] [0.9726344]
[0.07092128041855306] [0.9713155]
[0.07614394988525998] [0.97212124]
[0.07964747725561276] [0.9699967]
[0.07472758528681585] [0.9726344]
[0.07719994581771533] [0.9690076]
[0.07627210019176603] [0.9693373]
[0.06723290521183542] [0.97362345]
[0.07014820590600533] [0.9690076]
[0.07647188875960549] [0.969667]
[0.07766498320481995] [0.9684848]
[0.07046786606547623] [0.97164524]
[0.0657961719515563] [0.97692055]
[0.07942609167653186] [0.97164524]
[0.0690414380672748] [0.97428286]
[0.07286527672548558] [0.9693373]
[0.07798587659080941] [0.9663699]
[0.0748422917947689] [0.9732938]
[0.07151234780026472] [0.9699967]
[0.06551830259793825] [0.9746126]
[0.07989457116990131] [0.9643917]
[0.07090011463085102] [0.97296405]
[0.07507716965946284] [0.9687879]
[0.08303142015837892] [0.96768874]
[0.07403365768027942] [0.9693373]
[0.0630016178150618] [0.9746126]
[0.06996925180348633] [0.97428286]
[0.06550663770070533] [0.9779097]
[0.06471393318178038] [0.9746126]
[0.06868279283971301] [0.97362345]
[0.07258307688770968] [0.96834815]
