0.6689988225698471 0.6262500286102295
0.6344166472554207 0.6512500047683716
0.583736963570118 0.6899999976158142
0.6032640188932419 0.6812499761581421
0.5559231787919998 0.7170833349227905
0.5671149641275406 0.6945833563804626
0.5095686949789524 0.7387499809265137
0.5826535597443581 0.67208331823349
0.5347704254090786 0.7287499904632568
0.5507512912154198 0.6995833516120911
0.46071895584464073 0.7695833444595337
0.46163368970155716 0.7749999761581421
0.4342416860163212 0.7920833230018616
0.5011774562299252 0.7441666722297668
0.4239293932914734 0.7975000143051147
0.448866106569767 0.7791666388511658
0.399792168289423 0.8174999952316284
0.4583786055445671 0.7679166793823242
0.4147826358675957 0.8083333373069763
0.4042473994195461 0.8050000071525574
0.3901507146656513 0.8125
0.4056793488562107 0.8108333349227905
0.40526073798537254 0.8083333373069763
0.3944705128669739 0.8133333325386047
0.43830545991659164 0.7887499928474426
0.3766973838210106 0.8258333206176758
0.37227416783571243 0.8241666555404663
0.36349309235811234 0.8320833444595337
0.36634812131524086 0.831250011920929
0.37002258375287056 0.8304166793823242
0.379536896944046 0.8295833468437195
0.38323939219117165 0.8233333230018616
0.3659268692135811 0.8354166746139526
0.3819067254662514 0.82791668176651
0.3474162593483925 0.8387500047683716
0.3509376794099808 0.8424999713897705
0.3516317084431648 0.8450000286102295
0.3594333492219448 0.8379166722297668
0.35499338060617447 0.8445833325386047
0.36547157168388367 0.8345833420753479
0.3322126716375351 0.8516666889190674
0.3451813980937004 0.840833306312561
0.3355191498994827 0.8500000238418579
0.3347458615899086 0.8495833277702332
0.327827513217926 0.8537499904632568
0.3391379676759243 0.8433333039283752
0.32656728848814964 0.8529166579246521
0.3335668742656708 0.8508333563804626
0.3186999224126339 0.8587499856948853
0.3126668743789196 0.8629166483879089
0.31076229736208916 0.8637499809265137
0.3199567086994648 0.856249988079071
0.3299912214279175 0.8516666889190674
0.3257469870150089 0.8550000190734863
0.32128338515758514 0.8545833230018616
0.3040798343718052 0.8570833206176758
0.324211947619915 0.8545833230018616
0.3160555101931095 0.8545833230018616
0.32389165833592415 0.8558333516120911
0.3244885988533497 0.8537499904632568
0.32716938853263855 0.8525000214576721
0.30907584354281425 0.85916668176651
0.306639663875103 0.85958331823349
0.3209804557263851 0.8516666889190674
0.3318667970597744 0.847083330154419
0.31468816474080086 0.8516666889190674
0.3142370469868183 0.8537499904632568
0.3023974448442459 0.8633333444595337
0.320609200745821 0.8508333563804626
0.33424415811896324 0.8483333587646484
0.3228772319853306 0.8570833206176758
0.31171081587672234 0.8600000143051147
0.3108345456421375 0.85958331823349
0.3228258900344372 0.8579166531562805
0.30828017741441727 0.8566666841506958
0.33553827926516533 0.8495833277702332
0.30804168432950974 0.85958331823349
0.31674623489379883 0.8612499833106995
0.3176177553832531 0.8570833206176758
0.3144554868340492 0.8579166531562805
0.30341273359954357 0.8620833158493042
0.30074699223041534 0.8637499809265137
0.3261823356151581 0.8533333539962769
0.29698395542800426 0.8650000095367432
0.31871575862169266 0.85916668176651
0.315317016094923 0.8583333492279053
0.32022205740213394 0.8587499856948853
0.31023550778627396 0.8612499833106995
0.3052205480635166 0.8654166460037231
0.3122796043753624 0.8620833158493042
0.30470313504338264 0.8620833158493042
0.3073457032442093 0.862500011920929
0.31413108482956886 0.8608333468437195
0.31382566690444946 0.8608333468437195
0.3068624548614025 0.8604166507720947
0.3339386619627476 0.8575000166893005
0.30950282886624336 0.862500011920929
0.29670604318380356 0.8700000047683716
0.3259178102016449 0.862500011920929
0.31073257327079773 0.862500011920929
