0.696870245039463 0.49125000834465027
0.6709990575909615 0.5229166746139526
0.7208459675312042 0.5083333253860474
0.6178529188036919 0.6954166889190674
0.7220652177929878 0.5191666483879089
0.5701238512992859 0.7116666436195374
0.508174367249012 0.7487499713897705
0.6036541312932968 0.6654166579246521
0.5191139802336693 0.747083306312561
0.5602031424641609 0.7162500023841858
0.4745749644935131 0.7724999785423279
0.5016287826001644 0.7491666674613953
0.4565198943018913 0.7795833349227905
0.4658583551645279 0.7754166722297668
0.43200428783893585 0.79708331823349
0.43156127631664276 0.79666668176651
0.4290456399321556 0.7925000190734863
0.40918099880218506 0.8079166412353516
0.4069833308458328 0.8066666722297668
0.4163566268980503 0.8083333373069763
0.39578499644994736 0.8199999928474426
0.3880613148212433 0.8241666555404663
0.4153902158141136 0.8112499713897705
0.38453564047813416 0.8262500166893005
0.3923809602856636 0.8187500238418579
0.3890262730419636 0.8229166865348816
0.3778190538287163 0.8287500143051147
0.3900659754872322 0.8183333277702332
0.3653222881257534 0.8337500095367432
0.35867153480648994 0.8412500023841858
0.3529617115855217 0.8424999713897705
0.3659648559987545 0.8345833420753479
0.34871650859713554 0.8391666412353516
0.34857602044939995 0.8483333587646484
0.3509229049086571 0.840833306312561
0.3486574701964855 0.8441666960716248
0.3570769913494587 0.8395833373069763
0.35689252987504005 0.8391666412353516
0.3481708988547325 0.84375
0.34689413383603096 0.8445833325386047
0.3406376875936985 0.8458333611488342
0.3313095085322857 0.8525000214576721
0.3347935602068901 0.8495833277702332
0.3496496379375458 0.840833306312561
0.343906469643116 0.8475000262260437
0.3422529511153698 0.84375
0.3404288813471794 0.8512499928474426
0.3306579850614071 0.8529166579246521
0.3339858204126358 0.8504166603088379
0.33043089509010315 0.8500000238418579
0.35076916590332985 0.8462499976158142
0.32627980411052704 0.8520833253860474
0.3670677989721298 0.84375
0.34369348734617233 0.8479166626930237
0.3622503764927387 0.8424999713897705
0.3547162190079689 0.8412500023841858
0.34525978937745094 0.8500000238418579
0.34876667335629463 0.847083330154419
0.33336005359888077 0.8491666913032532
0.33913419768214226 0.8529166579246521
0.3426731377840042 0.8479166626930237
0.3337525203824043 0.8554166555404663
0.3492455445230007 0.8462499976158142
0.33851875737309456 0.8483333587646484
0.3413964472711086 0.8483333587646484
0.3278013691306114 0.8516666889190674
0.3482850752770901 0.8475000262260437
0.3412608839571476 0.8487499952316284
0.34057147428393364 0.8520833253860474
0.3393901139497757 0.8483333587646484
0.34241774305701256 0.8462499976158142
0.32501763477921486 0.862500011920929
0.35359594970941544 0.8479166626930237
0.35150445625185966 0.8458333611488342
0.32945918664336205 0.8512499928474426
0.32475826144218445 0.8525000214576721
0.33922649174928665 0.8504166603088379
0.3216122053563595 0.8570833206176758
0.321247685700655 0.8533333539962769
0.3330875486135483 0.8491666913032532
0.31575400941073895 0.8575000166893005
0.32583151012659073 0.8537499904632568
0.3250472731888294 0.8537499904632568
0.32648976519703865 0.8566666841506958
0.3334820233285427 0.8500000238418579
0.32882943749427795 0.8541666865348816
0.3240233212709427 0.8541666865348816
0.33825982362031937 0.8525000214576721
0.3379754461348057 0.8500000238418579
0.31946782395243645 0.8616666793823242
0.33243054524064064 0.8508333563804626
0.3112465366721153 0.8600000143051147
0.3288154639303684 0.8508333563804626
0.3248421475291252 0.856249988079071
0.3129363991320133 0.85958331823349
0.32648496329784393 0.8550000190734863
0.3413296453654766 0.8504166603088379
0.3343751095235348 0.8566666841506958
0.33848271891474724 0.8520833253860474
0.34060127288103104 0.8487499952316284
0.3353651314973831 0.8550000190734863
0.32072415947914124 0.856249988079071
0.33237385377287865 0.8483333587646484
0.3363696448504925 0.8550000190734863
0.3348195105791092 0.846666693687439
0.34827379882335663 0.8520833253860474
0.34117696434259415 0.8583333492279053
0.3514067530632019 0.8475000262260437
0.32458023726940155 0.8633333444595337
0.3283875063061714 0.8525000214576721
0.36791475489735603 0.8429166674613953
0.3393590599298477 0.8525000214576721
0.34820419549942017 0.8475000262260437
0.36059562116861343 0.8541666865348816
0.3399387337267399 0.8441666960716248
0.3294910751283169 0.8529166579246521
0.3261890672147274 0.8545833230018616
0.3604593239724636 0.847083330154419
0.328898835927248 0.8537499904632568
0.327332329005003 0.8525000214576721
0.3215726464986801 0.8516666889190674
0.36457256600260735 0.8475000262260437
0.3544393330812454 0.84375
0.35547985881567 0.847083330154419
0.3452169820666313 0.8508333563804626
0.3484601341187954 0.85958331823349
0.34220944717526436 0.8487499952316284
0.33151523768901825 0.8587499856948853
0.3618428111076355 0.8487499952316284
0.33146369829773903 0.8512499928474426
0.3489604592323303 0.8545833230018616
0.35161281004548073 0.847083330154419
0.3329079393297434 0.856249988079071
0.3518020622432232 0.8475000262260437
0.3538413755595684 0.8475000262260437
0.3683876506984234 0.8462499976158142
0.32523148879408836 0.8491666913032532
0.3375258855521679 0.8504166603088379
0.33464255928993225 0.8508333563804626
0.3771417960524559 0.8445833325386047
0.35782285779714584 0.8491666913032532
0.353775043040514 0.8491666913032532
0.33381957188248634 0.8487499952316284
0.365668211132288 0.8424999713897705
0.3479078970849514 0.8508333563804626
0.35629358515143394 0.8529166579246521
0.33899111673235893 0.8541666865348816
0.336619570851326 0.8545833230018616
0.36461174860596657 0.8500000238418579
0.3771227188408375 0.8479166626930237
0.3335261419415474 0.8512499928474426
0.351804930716753 0.856249988079071
0.3430461436510086 0.8583333492279053
0.36052409186959267 0.8491666913032532
0.33939889073371887 0.856249988079071
0.3730100616812706 0.8445833325386047
0.3385593518614769 0.8558333516120911
0.3498465530574322 0.8491666913032532
0.3403683379292488 0.8433333039283752
0.35515377670526505 0.8529166579246521
0.3463481217622757 0.847083330154419
0.35972534492611885 0.8537499904632568
0.3407125137746334 0.8504166603088379
0.36241362802684307 0.8554166555404663
0.3500423952937126 0.8545833230018616
0.32909541949629784 0.8550000190734863
0.35200294479727745 0.8504166603088379
0.34496878273785114 0.8525000214576721
0.36865702643990517 0.8458333611488342
0.39147044345736504 0.847083330154419
0.34481459856033325 0.8550000190734863
0.36106422170996666 0.8508333563804626
0.3574291057884693 0.8533333539962769
0.382774755358696 0.8491666913032532
0.33456431701779366 0.8554166555404663
0.3742935098707676 0.8575000166893005
0.33899471536278725 0.8575000166893005
0.366431150585413 0.8500000238418579
0.36970793828368187 0.8525000214576721
0.36952076107263565 0.8541666865348816
0.35357359424233437 0.8583333492279053
0.3932785466313362 0.8516666889190674
0.35930653661489487 0.8533333539962769
0.32686151564121246 0.8583333492279053
0.3614524193108082 0.8554166555404663
0.39115356653928757 0.8495833277702332
0.38025670126080513 0.8475000262260437
0.3592534251511097 0.8537499904632568
0.3715080954134464 0.8529166579246521
0.3800780549645424 0.8545833230018616
0.3833344578742981 0.8500000238418579
0.34715666994452477 0.8550000190734863
0.3603847324848175 0.8575000166893005
0.3645140528678894 0.8575000166893005
0.402559757232666 0.8487499952316284
0.3507795035839081 0.8516666889190674
0.36589036136865616 0.8570833206176758
0.39780380576848984 0.8516666889190674
0.3631681427359581 0.8545833230018616
0.39192963019013405 0.8512499928474426
