[0.707746398448944] [0.632]
[0.6173581182956696] [0.763]
[0.5511817067861557] [0.732]
[0.5997700318694115] [0.7125]
[0.5608958393335343] [0.751]
[0.44494819045066836] [0.823]
[0.4504967421293259] [0.824]
[0.4736283451318741] [0.793]
[0.43982701003551483] [0.818]
[0.46190641075372696] [0.81166667]
[0.42276035249233246] [0.814]
[0.4468927562236786] [0.821]
[0.39265712201595304] [0.827]
[0.40710917860269547] [0.82666665]
[0.3857475221157074] [0.839]
[0.3559139400720596] [0.844]
[0.36640779823064806] [0.84]
[0.3561707317829132] [0.85]
[0.3327820926904678] [0.863]
[0.3533401876688004] [0.848]
[0.3230717211961746] [0.866]
[0.3554246187210083] [0.857]
[0.3261368215084076] [0.862]
[0.309717558324337] [0.88166666]
[0.34948463141918185] [0.851]
[0.3116901844739914] [0.878]
[0.30170089155435564] [0.886]
[0.3214764803647995] [0.867]
[0.29276207089424133] [0.887]
[0.31712536960840226] [0.894]
[0.2737096533179283] [0.892]
[0.29518077671527865] [0.892]
[0.2976270645856857] [0.891]
[0.30156650990247724] [0.888]
[0.2854418486356735] [0.887]
[0.30697652995586394] [0.897]
[0.2754675954580307] [0.891]
[0.281538313627243] [0.886]
[0.2508942559361458] [0.902]
[0.321706560254097] [0.876]
[0.30782303512096404] [0.88]
[0.301216658949852] [0.881]
[0.24578870236873626] [0.913]
[0.28556574285030367] [0.896]
[0.2758785530924797] [0.895]
[0.27666880562901497] [0.90416664]
[0.280365851521492] [0.899]
[0.2887157201766968] [0.8925]
[0.27284297347068787] [0.896]
[0.27009366899728776] [0.906]
[0.2744168058037758] [0.896]
[0.2546520084142685] [0.902]
[0.25101844519376754] [0.905]
[0.2730582356452942] [0.894]
[0.2713185504078865] [0.904]
[0.2601351082324982] [0.904]
[0.24519092962145805] [0.9008333]
[0.25790076330304146] [0.9025]
[0.27424809485673907] [0.908]
[0.2527066841721535] [0.90416664]
[0.2277368873357773] [0.912]
[0.27824231535196303] [0.894]
[0.2680655837059021] [0.897]
[0.24717940017580986] [0.9066667]
[0.2582484602928162] [0.903]
[0.2426367238163948] [0.915]
[0.242349536716938] [0.913]
[0.23906938433647157] [0.906]
[0.2543794557452202] [0.909]
[0.26033531725406645] [0.909]
[0.27284582108259203] [0.903]
[0.24818977266550063] [0.901]
[0.23196580559015273] [0.921]
[0.24091420769691468] [0.907]
[0.24600645527243614] [0.9066667]
[0.24369972571730614] [0.90166664]
[0.2470555528998375] [0.9058333]
[0.22425811737775803] [0.924]
[0.25194563418626786] [0.914]
[0.20146657675504684] [0.918]
[0.22331709787249565] [0.915]
[0.24056219309568405] [0.902]
[0.24389159083366393] [0.912]
[0.24326793104410172] [0.906]
[0.23967170864343643] [0.914]
[0.22518552839756012] [0.909]
[0.2535349681973457] [0.916]
[0.22718597203493118] [0.911]
[0.24203521013259888] [0.91583335]
[0.23024566620588302] [0.913]
[0.24135080426931382] [0.91]
[0.21710566878318788] [0.915]
[0.2292327791452408] [0.908]
[0.2432342767715454] [0.9116667]
[0.22453546896576881] [0.92083335]
[0.2189209833741188] [0.915]
[0.23627766594290733] [0.92083335]
[0.2224472016096115] [0.921]
[0.25113348066806795] [0.903]
[0.23381487652659416] [0.9175]
[0.23836060762405395] [0.915]
[0.2224788099527359] [0.915]
[0.22433400750160218] [0.913]
[0.20772705227136612] [0.91833335]
[0.22516010999679564] [0.921]
[0.22691258788108826] [0.918]
[0.24567586779594422] [0.917]
[0.22462316900491713] [0.909]
[0.21171320229768753] [0.91833335]
[0.22888536155223846] [0.92]
[0.23797452449798584] [0.918]
[0.22273212820291519] [0.915]
[0.23233067393302917] [0.91]
[0.21971888542175294] [0.917]
[0.22243258357048035] [0.93]
[0.2309587448835373] [0.9241667]
[0.22315333783626556] [0.9191667]
[0.22996235266327858] [0.915]
[0.23896916657686235] [0.914]
[0.21199577450752258] [0.919]
[0.21087918132543565] [0.927]
[0.22199648171663283] [0.908]
[0.22415429651737212] [0.919]
[0.2227235898375511] [0.919]
[0.22353587597608565] [0.919]
[0.23081418573856355] [0.92]
[0.22212308645248413] [0.9266667]
[0.20483482778072357] [0.919]
[0.21103215143084525] [0.914]
[0.20755375623703004] [0.925]
[0.23924345076084136] [0.919]
[0.23023096472024918] [0.924]
[0.21842113882303238] [0.915]
[0.2112981677055359] [0.9241667]
[0.21604186296463013] [0.922]
[0.22258316427469255] [0.914]
[0.2021603539586067] [0.92]
[0.21534025818109512] [0.913]
[0.21812864542007446] [0.923]
[0.2069395437836647] [0.932]
[0.22152770608663558] [0.923]
[0.2088060662150383] [0.925]
[0.2303973451256752] [0.918]
[0.19461324959993362] [0.93]
[0.2398671731352806] [0.91333336]
[0.21901746541261674] [0.921]
[0.23183515220880507] [0.915]
[0.22433771938085556] [0.9191667]
[0.2157997488975525] [0.92333335]
[0.20721125975251198] [0.9241667]
[0.236874021589756] [0.9241667]
[0.21148192882537842] [0.915]
[0.22960515320301056] [0.9216667]
[0.222677743434906] [0.917]
[0.2188029944896698] [0.92]
[0.2405995711684227] [0.923]
[0.21691815555095673] [0.91583335]
[0.24512144476175307] [0.911]
[0.2151627004146576] [0.92]
[0.21759795099496843] [0.914]
[0.22178292274475098] [0.909]
[0.20334654822945594] [0.92]
[0.2406872883439064] [0.913]
[0.20150232464075088] [0.922]
[0.2046050861477852] [0.923]
[0.2090136855840683] [0.9225]
[0.21769823133945465] [0.92083335]
[0.2246183544397354] [0.923]
[0.18793394416570663] [0.925]
[0.2008819356560707] [0.925]
[0.23208008855581283] [0.918]
[0.2156730368733406] [0.927]
[0.20388194620609285] [0.92]
[0.23221239298582078] [0.921]
[0.2395937114953995] [0.914]
[0.22784952446818352] [0.91083336]
[0.19854241758584976] [0.932]
[0.23789237588644027] [0.912]
[0.206978227943182] [0.935]
[0.2210194729268551] [0.92083335]
[0.21611070036888122] [0.919]
[0.2070408880710602] [0.924]
[0.2285648003220558] [0.909]
[0.2017902210354805] [0.922]
[0.2151413969695568] [0.9241667]
[0.19392397105693818] [0.933]
[0.2163289427757263] [0.926]
[0.2198777064681053] [0.923]
[0.1955174319446087] [0.9241667]
[0.21681287959218026] [0.925]
[0.2260793626308441] [0.928]
[0.22175246924161912] [0.915]
[0.22378334701061248] [0.922]
[0.21540584787726402] [0.93]
[0.25317406952381133] [0.926]
[0.22094012796878815] [0.93]
[0.22643335908651352] [0.92]
[0.21138103008270265] [0.925]
[0.22687204629182817] [0.911]
[0.20237860083580017] [0.9191667]
