[0.4658305048942566] [0.79]
[0.4127605054527521] [0.856875]
[0.4393265030600808] [0.7990909]
[0.4144657989963889] [0.8415625]
[0.43233712762594223] [0.83125]
[0.3449433781206608] [0.87125]
[0.3768937112763524] [0.86125]
[0.37775889970362186] [0.8565625]
[0.36303601134568453] [0.8671875]
[0.36394002567976713] [0.861875]
[0.3123464728705585] [0.87875]
[0.34268120117485523] [0.8703125]
[0.30034025479108095] [0.8828125]
[0.32565597305074334] [0.8665625]
[0.30351332668215036] [0.88]
[0.3066836893558502] [0.8778125]
[0.2958576204255223] [0.891875]
[0.30253620259463787] [0.88375]
[0.26693280041217804] [0.8959375]
[0.28125800006091595] [0.89125]
[0.25312418287450617] [0.9054545]
[0.2759799896739423] [0.8921875]
[0.2708533485420048] [0.899375]
[0.24678441069342874] [0.9042424]
[0.2656246358528733] [0.8990625]
[0.25785409240052104] [0.9003125]
[0.26015746826305985] [0.9034375]
[0.244717582128942] [0.9103125]
[0.24255529744550586] [0.9084375]
[0.24087765207514167] [0.9103125]
[0.23103531496599317] [0.9171875]
[0.23256231844425201] [0.9118182]
[0.2078620488755405] [0.9265625]
[0.2278639622963965] [0.9140625]
[0.2201705714687705] [0.91625]
[0.2132597602903843] [0.9203125]
[0.23342921923507343] [0.9118182]
[0.23151673782955517] [0.9160606]
[0.2100546001456678] [0.9228125]
[0.22537793591618538] [0.920625]
[0.2251370777375996] [0.915625]
[0.22609959542751312] [0.916875]
[0.20937800453975797] [0.9203125]
[0.2183733812787316] [0.92333335]
[0.22123566875234246] [0.921875]
[0.22552341409027576] [0.91125]
[0.22616759920492768] [0.915]
[0.21133152255788445] [0.920625]
[0.20525427535176277] [0.923125]
[0.19051780086010695] [0.92875]
[0.20915013318881392] [0.9225]
[0.20687729911878705] [0.92625]
[0.20413858676329255] [0.9228125]
[0.19830374279990792] [0.9253125]
[0.19676100695505738] [0.9296875]
[0.22519853431731462] [0.918125]
[0.19840069813653827] [0.926875]
[0.18983189389109612] [0.926875]
[0.20403956342488527] [0.92375]
[0.20277775218710303] [0.9284375]
[0.19731068052351475] [0.9246875]
[0.190712446346879] [0.9296875]
[0.18952445732429624] [0.93125]
[0.1951903374865651] [0.9296875]
[0.1823200611397624] [0.9346875]
[0.18779423320665956] [0.931875]
[0.19321004464291036] [0.93375]
[0.18947407184168696] [0.9309375]
[0.19750160397961736] [0.92625]
[0.1922994931228459] [0.929375]
[0.18504206836223602] [0.933125]
[0.17975170724093914] [0.9378125]
[0.18809673702344298] [0.9275]
[0.19320705672726035] [0.929375]
[0.19004503032192588] [0.9334375]
[0.18118846183642745] [0.9359375]
[0.18599581765010953] [0.926875]
[0.1894056280143559] [0.9328125]
[0.18910180709578775] [0.92848486]
[0.1810627579689026] [0.9375]
[0.18050304520875216] [0.933125]
[0.1741236997768283] [0.9375]
[0.1868172015529126] [0.933125]
[0.17827323405072093] [0.9325]
[0.17747940914705396] [0.93375]
[0.17844839626923203] [0.935]
[0.1725106614176184] [0.9384375]
[0.17916282592341304] [0.935]
[0.17190958093851805] [0.93375]
[0.16920507396571338] [0.9359375]
[0.1752188573591411] [0.935]
[0.15814643632620573] [0.944375]
[0.17556229513138533] [0.9409375]
[0.16411879379302263] [0.9375]
[0.15922882547602057] [0.9428125]
[0.17403972195461392] [0.936875]
[0.17352519440464675] [0.938125]
[0.17123951436951756] [0.93875]
[0.1644743885844946] [0.938125]
[0.16261455020867288] [0.944375]
[0.1668162178248167] [0.9425]
[0.17298878263682127] [0.9334375]
[0.1614122516475618] [0.9390625]
[0.15936159412376583] [0.9446875]
[0.17795863328501582] [0.9340625]
[0.16011921502649784] [0.94125]
[0.1557165626436472] [0.93875]
[0.16684678732417524] [0.9421875]
[0.16206098280169748] [0.940303]
[0.17044868529774249] [0.940625]
[0.1540483864955604] [0.944375]
[0.15578157198615372] [0.945625]
[0.1692406120710075] [0.939375]
[0.15407987819476562] [0.9448485]
[0.17453603772446513] [0.93625]
[0.15141955390572548] [0.94375]
[0.1635938852559775] [0.9390625]
[0.15724920690990984] [0.9421875]
[0.14570443658158183] [0.945625]
[0.16451062029227614] [0.9375]
[0.1559124399315227] [0.9430303]
[0.15505474782548845] [0.9434375]
[0.160893012303859] [0.9425]
[0.15356303378939629] [0.945625]
[0.13960033375769854] [0.9503125]
[0.15213746903464198] [0.9425]
[0.1567190287169069] [0.9415625]
[0.1589182624593377] [0.943125]
[0.15327688050456345] [0.9428125]
[0.15495931287296116] [0.9434375]
[0.15353589016012847] [0.94625]
[0.15373277897015214] [0.9446875]
[0.15645876550115645] [0.9459375]
[0.16211682953871787] [0.9428125]
[0.1590551391709596] [0.9428125]
[0.15103292162530124] [0.94625]
[0.14883414981886744] [0.9459375]
[0.14656192460097373] [0.9475]
[0.14366091368719935] [0.94875]
[0.143912821309641] [0.9490625]
[0.1476089023053646] [0.9478125]
[0.14410094916820526] [0.9440625]
[0.14919686689972878] [0.95]
[0.1424201869151809] [0.95363635]
[0.15502187819220126] [0.9421875]
[0.14508308959193528] [0.944375]
[0.14269161084666848] [0.94625]
[0.14813830074854195] [0.9428125]
[0.14110498246736825] [0.9471875]
[0.15014276653528214] [0.944375]
[0.1423898262437433] [0.9478125]
[0.13669284153729677] [0.9521875]
[0.14355365792289376] [0.9484375]
[0.1342736454680562] [0.9515625]
[0.14809819785031406] [0.9460606]
[0.1335519035346806] [0.9503125]
[0.1446749463211745] [0.9478125]
[0.12880520359613] [0.95375]
[0.13861619355157018] [0.9490625]
[0.1412963131442666] [0.94875]
[0.13425704441033304] [0.95125]
[0.13966017798520625] [0.9503125]
[0.14928644010797143] [0.946875]
[0.13910408969968557] [0.9490625]
[0.14001471712253988] [0.95]
[0.14115274115465581] [0.945]
[0.13172116328496486] [0.953125]
[0.12791333652355455] [0.9533333]
[0.13580156140960753] [0.94875]
[0.12878419691696763] [0.9546875]
[0.13923404878005385] [0.9475]
[0.13057202439416538] [0.9509091]
[0.14172172988764942] [0.9453125]
[0.12442697794176638] [0.955]
[0.13189481537450443] [0.9490909]
[0.13143071322701871] [0.95125]
[0.13511897420341318] [0.9521212]
[0.1286811565514654] [0.9496875]
[0.14787975745275617] [0.9465625]
[0.13027354058894244] [0.94848484]
[0.13051580299030652] [0.95484847]
[0.12627172865904868] [0.9553125]
[0.13138346001505852] [0.9525]
[0.13065698137506843] [0.95375]
[0.13353900746865707] [0.95151514]
[0.13426608056761324] [0.95]
[0.12107728235423565] [0.9559375]
[0.1240185311762616] [0.955625]
[0.131147725507617] [0.9559375]
[0.12307364889420569] [0.9559375]
[0.13189590419642627] [0.946875]
[0.13882228266447783] [0.950625]
[0.1209576791152358] [0.958125]
[0.12443008529953659] [0.95375]
[0.11933807586319745] [0.954375]
[0.14119442086666822] [0.9490625]
[0.12921040318906307] [0.955]
[0.12472134828567505] [0.9546875]
[0.12933352659456432] [0.9521875]
[0.12333403015509248] [0.9565625]
